24 0 -0.188786 -0.000110997
24 1 -0.316461 -0.000105257
24 2 -0.31463 -6.96582e-05
24 3 -0.286256 8.47885e-05
24 4 -0.238539 1.98416e-05
24 5 -0.00949007 -0.00060383
25 0 -3.93766 0.0025727
25 1 -3.85277 0.00211295
25 2 -3.80673 0.00198081
25 3 -3.87451 0.00212693
25 4 -3.81562 0.0021212
25 5 -4.13002 0.00230758
26 0 2.48608 -0.00213082
26 1 2.5513 -0.00288777
26 2 2.61127 -0.00309649
26 3 2.59579 -0.00297881
26 4 2.61563 -0.00272877
26 5 2.88605 -0.00289887
27 0 0.403017 -0.000348985
27 1 0.418368 -0.000683243
27 2 0.44301 -0.000788614
27 3 0.440613 -0.000789851
27 4 0.459314 -0.000640582
27 5 1.68558 -0.00217213
28 0 -1.8884 0.000852917
28 1 -1.85771 0.000442857
28 2 -1.81846 0.000386453
28 3 -1.80427 0.000538527
28 4 -1.79579 0.000618973
28 5 -1.76161 0.000650051
29 0 -0.190404 0.000152795
29 1 -0.143567 -0.000594393
29 2 -0.180862 -0.000581198
29 3 -0.116004 -0.00043086
29 4 -0.124912 -0.000293862
29 5 0.0369555 -0.000404723
30 0 -1.38993 0.000619624
30 1 -1.3407 0.000293769
30 2 -1.34182 0.000371284
30 3 -1.33197 0.000517296
30 4 -1.24532 0.000522318
30 5 -0.882065 -0.000137425
31 0 -0.719598 0.000589468
31 1 -0.668635 9.36237e-05
31 2 -0.627699 5.81058e-05
31 3 -0.579802 7.32671e-05
31 4 -0.581169 0.000328803
31 5 -0.610055 0.000329081
32 0 4.60672 -0.00365884
32 1 4.66819 -0.00414713
32 2 4.7087 -0.00424246
32 3 4.71347 -0.00415219
32 4 4.69211 -0.0040402
32 5 4.72452 -0.00429973
33 0 -0.793501 0.00147713
33 1 -0.575541 0.000261239
33 2 -0.788774 0.000681457
33 3 -0.511993 0.000328264
33 4 -0.301848 0.000316343
33 5 0.392288 -0.000657617
34 0 0.28672 0.00100169
34 1 0.358888 -5.67682e-05
34 2 0.378381 5.87265e-06
34 3 0.427875 0.000128991
34 4 0.432306 0.000126503
34 5 0.530864 -0.000160759
35 0 2.5084 -0.00129281
35 1 2.58743 -0.00205784
35 2 2.61262 -0.00198216
35 3 2.6004 -0.00180531
35 4 2.60169 -0.00182176
35 5 2.5476 -0.00217864
36 0 0.654415 0.000215127
36 1 0.689806 -0.000138659
36 2 0.795768 -0.000186699
36 3 0.878009 -0.00017079
36 4 1.0711 -0.000334718
36 5 0.641063 -7.08268e-05
37 0 0.106959 -0.000414386
37 1 0.167488 -0.000984979
37 2 0.232687 -0.00107992
37 3 0.26185 -0.00105132
37 4 0.239146 -0.000943298
37 5 0.427017 -0.00111356
38 0 0.454798 0.000197525
38 1 0.520127 -0.000523503
38 2 0.565265 -0.000625361
38 3 0.5906 -0.000677884
38 4 0.546814 -0.000656649
38 5 0.423684 -0.000431019
39 0 1.90136 -0.00160908
39 1 1.98807 -0.00190694
39 2 2.00962 -0.00184621
39 3 2.0312 -0.00172012
39 4 2.03508 -0.00157262
39 5 2.40058 -0.00192025
44 0 0.764098 -0.00095682
44 1 0.748423 -0.00137403
44 2 0.772805 -0.0012947
44 3 0.817349 -0.00112317
44 4 0.820568 -0.00100653
44 5 0.957581 -0.00117607
45 0 -0.176016 -0.00063515
45 1 -0.141311 -0.000867992
45 2 -0.151563 -0.000936965
45 3 -0.241285 -0.000434117
45 4 -0.219682 -7.18817e-05
45 5 0.226347 -0.000226095
46 0 0.190283 -0.000460032
46 1 0.224339 -0.000640163
46 2 0.253845 -0.000656548
46 3 0.253029 -0.000505656
46 4 0.292153 -0.000504583
46 5 0.323058 -0.000622942
47 0 -2.29375 0.0011199
47 1 -2.2256 0.000806325
47 2 -2.19052 0.000636218
47 3 -2.20348 0.000786262
47 4 -2.17914 0.000885779
47 5 -1.94304 0.000925144
48 0 0.116219 -0.000168771
48 1 0.113513 -0.000222017
48 2 0.143651 -0.000254623
48 3 0.168228 -0.000115982
48 4 0.189103 -5.54077e-05
48 5 0.295686 -0.000231679
49 0 -2.17942 0.000632459
49 1 -2.18465 0.000551335
49 2 -2.16032 0.000522634
49 3 -2.15605 0.000683532
49 4 -2.15609 0.000707525
49 5 -1.97862 0.000447005
50 0 -0.484957 0.00018272
50 1 -0.441075 5.30047e-05
50 2 -0.431985 9.80055e-05
50 3 -0.426413 0.000217472
50 4 -0.422567 0.000334712
50 5 0.661035 -0.00164479
51 0 -1.15841 0.000283921
51 1 -1.16193 0.000138211
51 2 -1.14091 2.17246e-05
51 3 -1.16166 0.000238055
51 4 -1.15459 0.000521306
51 5 -0.812118 0.000212137
56 0 0.0628628 4.06373e-05
56 1 0.0624201 -4.85903e-05
56 2 0.177749 -5.99923e-05
56 3 0.15068 0.000127674
56 4 0.150796 0.000162016
56 5 0.154195 -2.99845e-05
57 0 2.66808 -0.00250205
57 1 2.70065 -0.00259956
57 2 2.70404 -0.00263084
57 3 2.70086 -0.00247747
57 4 2.74764 -0.00233418
57 5 3.04383 -0.00250062
58 0 -1.15363 0.000307507
58 1 -1.14499 0.000338986
58 2 -1.13145 0.000319388
58 3 -1.08168 0.000474545
58 4 -1.14667 0.000762494
58 5 -0.828049 0.000105153
59 0 -0.513428 0.000416358
59 1 -0.540227 6.47682e-05
59 2 -0.504393 0.000133558
59 3 -0.453249 0.000271129
59 4 -0.367906 0.00042349
59 5 -0.621526 0.000534942
60 0 0.692988 -0.000609184
60 1 0.74844 -0.00080615
60 2 0.786291 -0.000888426
60 3 0.840312 -0.0008717
60 4 0.987594 -0.000925263
60 5 1.3196 -0.00138651
61 0 -0.242355 -0.000260491
61 1 -0.247663 -0.000487177
61 2 -0.245195 -0.00048552
61 3 -0.216666 -0.000335446
61 4 -0.133817 -0.000212761
61 5 -0.270568 -3.8241e-05
62 0 -0.05996 0.000696586
62 1 -0.0850733 0.000465311
62 2 0.0545034 0.000216449
62 3 0.0856258 0.000283813
62 4 0.0782263 0.000186475
62 5 0.394305 -3.29687e-05
63 0 -2.21219 0.00196212
63 1 -2.10086 0.00126083
63 2 -2.12582 0.00142058
63 3 -2.07792 0.00149549
63 4 -1.93083 0.00148435
63 5 -1.73099 0.00147736
68 0 -0.627287 0.000493047
68 1 -0.617379 0.000531249
68 2 -0.616682 0.000515058
68 3 -0.611668 0.000564333
68 4 -0.592537 0.000596059
68 5 -0.613221 0.000527555
69 0 2.43045 -0.00247756
69 1 2.44955 -0.00245813
69 2 2.45068 -0.00242199
69 3 2.45434 -0.002343
69 4 2.47785 -0.00231762
69 5 2.78857 -0.00253283
70 0 -0.709008 -3.48343e-05
70 1 -0.707515 -3.14577e-05
70 2 -0.695076 -2.43559e-05
70 3 -0.692235 0.000108766
70 4 -0.715205 0.000190101
70 5 -0.679724 8.07116e-05
71 0 1.51499 -0.00172455
71 1 1.5185 -0.00174957
71 2 1.54014 -0.00174926
71 3 1.51135 -0.00149998
71 4 1.49879 -0.00151248
71 5 1.83987 -0.00219963
76 0 1.68458 -0.00152882
76 1 1.83578 -0.00185861
76 2 1.71515 -0.00151724
76 3 1.89855 -0.00177378
76 4 1.86734 -0.001665
76 5 2.01754 -0.00222256
77 0 1.66864 -0.00135569
77 1 1.66998 -0.00147374
77 2 1.6819 -0.00152264
77 3 1.64881 -0.0013733
77 4 1.70842 -0.0013233
77 5 1.75013 -0.00110963
78 0 2.58088 -0.00206331
78 1 2.5629 -0.00243427
78 2 2.58106 -0.00243719
78 3 2.60007 -0.00227165
78 4 2.61193 -0.0022801
78 5 2.22281 -0.00218621
79 0 1.88885 0.00020304
79 1 1.88116 0.000109562
79 2 1.87336 8.43953e-05
79 3 1.88585 0.000157173
79 4 1.89864 0.000236041
79 5 1.97774 9.81068e-05
84 0 3.3157 -0.00260676
84 1 3.31614 -0.00280243
84 2 3.35234 -0.00277227
84 3 3.32144 -0.00252391
84 4 3.38175 -0.00248167
84 5 3.60629 -0.00291459
85 0 -2.02451 0.000534569
85 1 -2.03123 0.000337217
85 2 -1.95741 0.000292283
85 3 -1.93191 0.000479635
85 4 -1.9704 0.000691144
85 5 -1.89534 0.000530783
86 0 1.49747 -0.00144549
86 1 1.48836 -0.00172738
86 2 1.54399 -0.00167823
86 3 1.54775 -0.0015597
86 4 1.53244 -0.00142544
86 5 1.81014 -0.00168488
87 0 2.53799 -0.00127427
87 1 2.59775 -0.0016747
87 2 2.62063 -0.00160791
87 3 2.6393 -0.00138439
87 4 2.66571 -0.00127768
87 5 2.75598 -0.00146088
88 0 -1.43983 0.00156266
88 1 -1.5651 0.00177131
88 2 -1.51109 0.00174507
88 3 -1.40343 0.00160441
88 4 -1.50082 0.00180556
88 5 -1.33584 0.00152475
89 0 2.8061 -0.00172102
89 1 2.75809 -0.00184732
89 2 2.77529 -0.00184093
89 3 2.85521 -0.00179477
89 4 2.80181 -0.0015444
89 5 3.0726 -0.00181691
90 0 1.45979 -0.000766221
90 1 1.51374 -0.00100165
90 2 1.52849 -0.000958525
90 3 1.56007 -0.000896637
90 4 1.53114 -0.000817099
90 5 1.71751 -0.0012076
91 0 1.92524 -0.00192804
91 1 1.97603 -0.00226444
91 2 2.00471 -0.00224289
91 3 2.01929 -0.00198478
91 4 2.04261 -0.00173371
91 5 2.26406 -0.00208723
