seg 24 1 29.9889	0.0170868
seg 24 2 31.8304	0.0129708
seg 24 3 33.7396	0.0124432
seg 24 4 34.0804	0.0108079
seg 24 5 37.0538	0.00840854
seg 25 1 28.0077	0.0184867
seg 25 2 29.9966	0.0149618
seg 25 3 34.0982	0.0138323
seg 25 4 33.8679	0.0124821
seg 25 5 31.0432	0.010652
seg 26 1 31.1205	0.0320406
seg 26 2 32.6091	0.0256176
seg 26 3 34.6112	0.0231669
seg 26 4 36.2018	0.019742
seg 26 5 36.7495	0.0150592
seg 27 1 29.137	    0.0184398
seg 27 2 30.2519	0.0150462
seg 27 3 32.593	    0.0146169
seg 27 4 33.9865	0.0130466
seg 27 5 31.025	    0.0121465
seg 28 1 29.3402	0.0184509
seg 28 2 31.6885	0.015611
seg 28 3 34.0246	0.0140639
seg 28 4 33.6876	0.0118605
seg 28 5 36.5472	0.00953824
seg 29 1 26.75	    0.00820684
seg 29 2 27.5119	0.0127622
seg 29 3 33.3317	0.0105386
seg 29 4 34.6525	0.00990736
seg 29 5 42.1564	0.0076647
seg 30 1 27.406	    0.0142291
seg 30 2 30.6081	0.0122534
seg 30 3 32.1229	0.0114481
seg 30 4 31.75	    0.00919646
seg 30 5 31.6786	0.00769953
seg 31 1 27.5512	0.019412
seg 31 2 29.3696	0.0161751
seg 31 3 31.8497	0.0151672
seg 31 4 33.0468	0.0132348
seg 31 5 32.8141	0.0112407
seg 32 1 29.5022	0.0221845
seg 32 2 32.0917	0.0187674
seg 32 3 34.6971	0.0170988
seg 32 4 36.3659	0.0145837
seg 32 5 32.7622	0.0105137
seg 33 1 28.5159	0.0269656
seg 33 2 29.5237	0.0227016
seg 33 3 32.1085	0.0220432
seg 33 4 33.8559	0.0192159
seg 33 5 34.2501	0.0157061
seg 34 1 31.4742	0.0419476
seg 34 2 32.4527	0.0335975
seg 34 3 35.0855	0.0302082
seg 34 4 36.6751	0.0253208
seg 34 5 30.4953	0.0206691
seg 35 1 28.2154	0.0260718
seg 35 2 29.9391	0.0210193
seg 35 3 31.1791	0.0205475
seg 35 4 33.25	    0.0183457
seg 35 5 39.9028	0.0147629
seg 36 1 29.7843	0.0143304
seg 36 2 31.6725	0.0128299
seg 36 3 34.8334	0.0117271
seg 36 4 36.3349	0.0109819
seg 36 5 32.2252	0.00882935
seg 37 1 28.2257	0.0196825
seg 37 2 29.7253	0.0163898
seg 37 3 31.8532	0.0147525
seg 37 4 32.2297	0.0137825
seg 37 5 37.8507	0.00971186
seg 38 1 29.9772	0.0264868
seg 38 2 31.8613	0.020806
seg 38 3 33.9444	0.0203742
seg 38 4 34.9258	0.0164197
seg 38 5 35.0557	0.0134911
seg 39 1 28.5556	0.0159027
seg 39 2 28.7189	0.0127038
seg 39 3 32.2781	0.011715
seg 39 4 34.4789	0.0107426
seg 39 5 31.712	    0.00890314
seg 44 1 30.0489	0.0164992
seg 44 2 31.514	    0.0139137
seg 44 3 32.6272	0.0131672
seg 44 4 33.25	    0.0111152
seg 44 5 38.7495	0.0102568
seg 45 1 27.8352	0.0121446
seg 45 2 30.4081	0.0112336
seg 45 3 30.8169	0.0108182
seg 45 4 33.1415	0.00941423
seg 45 5 30.5304	0.0081822
seg 46 1 29.2805	0.0143791
seg 46 2 31.811	    0.0124177
seg 46 3 33.3821	0.0116639
seg 46 4 34.2499	0.00969962
seg 46 5 34.4567	0.00784612
seg 47 1 28.3728	0.0150869
seg 47 2 30.0849	0.0131637
seg 47 3 31.9874	0.0124976
seg 47 4 37.0676	0.0115964
seg 47 5 30.5657	0.00860988
seg 48 1 28.1773	0.0103311
seg 48 2 31.5228	0.00853519
seg 48 3 31.5559	0.00840348
seg 48 4 31.655	    0.00769043
seg 48 5 35.7498	0.00431217
seg 49 1 26.5654	0.00774894
seg 49 2 27.8795	0.00681655
seg 49 3 30.3866	0.00652582
seg 49 4 33.0208	0.00631535
seg 49 5 38.7498	0.00430518
seg 50 1 29.5644	0.00965413
seg 50 2 29.1709	0.00813357
seg 50 3 31.8957	0.007903
seg 50 4 32.9303	0.00607582
seg 50 5 38.2494	0.00583796
seg 51 1 29.306	    0.0095524
seg 51 2 31.7499	0.0079701
seg 51 3 30.8789	0.00791187
seg 51 4 35.2457	0.00725357
seg 51 5 31.7062	0.00443836
seg 56 1 30.2323	0.0124928
seg 56 2 31.7496	0.00993027
seg 56 3 33.7501	0.0097002
seg 56 4 33.906	    0.00814125
seg 56 5 25.75	    0.00663233
seg 57 1 26.1564	0.00776474
seg 57 2 26.9762	0.00683483
seg 57 3 30.1508	0.00683578
seg 57 4 30.8134	0.00573367
seg 57 5 30.3206	0.0042402
seg 58 1 28.7054	0.0112866
seg 58 2 30.572	    0.00911671
seg 58 3 31.4246	0.00751141
seg 58 4 32.1659	0.00705084
seg 58 5 36.75	    0.0046848
seg 59 1 28.5917	0.0125381
seg 59 2 30.052	    0.0103693
seg 59 3 32.0334	0.00952204
seg 59 4 32.5579	0.00852698
seg 59 5 40.236	    0.00813462
seg 60 1 28.6713	0.0166758
seg 60 2 30.1074	0.013524
seg 60 3 31.2278	0.0128556
seg 60 4 33.9658	0.0114705
seg 60 5 31.75	    0.00854415
seg 61 1 29.0383	0.0131873
seg 61 2 30.284	    0.0107019
seg 61 3 32.4872	0.009471
seg 61 4 35.2496	0.00954037
seg 61 5 34.0786	0.00886848
seg 62 1 30.1051	0.0189399
seg 62 2 32.1899	0.015343
seg 62 3 33.4452	0.0133669
seg 62 4 32.2601	0.0126151
seg 62 5 32.52	    0.00993925
seg 63 1 30.6005	0.0200132
seg 63 2 31.5765	0.015708
seg 63 3 34.1543	0.014487
seg 63 4 36.6671	0.0131645
seg 63 5 34.7798	0.0103742
seg 68 1 26.0776	0.00487591
seg 68 2 28.1922	0.00353218
seg 68 3 30.9122	0.00388161
seg 68 4 29.7525	0.00296138
seg 68 5 35.7502	0.00219309
seg 69 1 25.2642	0.0052122
seg 69 2 26.1068	0.00423308
seg 69 3 28.5059	0.00312563
seg 69 4 30.7499	0.00379766
seg 69 5 30.5479	0.00243547
seg 70 1 26.2501	0.00594143
seg 70 2 29.084	    0.0045823
seg 70 3 28.7894	0.00465911
seg 70 4 31.285	    0.00379633
seg 70 5 27.068	    0.00316087
seg 71 1 26.2498	0.00311916
seg 71 2 31.2496	0.00289974
seg 71 3 26.75	    0.00269055
seg 71 4 30.2484	0.00231057
seg 71 5 31.75	    0.00329388
seg 76 1 28.1042	0.00570341
seg 76 2 28.9365	0.00504005
seg 76 3 30.2505	0.00507386
seg 76 4 30.833	    0.00389719
seg 76 5 29.2494	0.00317915
seg 77 1 23.2574	0.00495533
seg 77 2 25.9787	0.00478285
seg 77 3 30.3966	0.0039908
seg 77 4 32.2501	0.0033815
seg 77 5 33.2503	0.00360658
seg 78 1 31.0656	0.00621713
seg 78 2 30.3788	0.00478716
seg 78 3 33.311	    0.0047028
seg 78 4 36.1281	0.00354444
seg 78 5 29.7503	0.00410916
seg 79 1 26.2845	0.00676691
seg 79 2 28.5779	0.00589976
seg 79 3 30.8808	0.00590993
seg 79 4 31.2505	0.005307
seg 79 5 30.6287	0.00491834
seg 84 1 28.1028	0.0129483
seg 84 2 28.863	    0.0109879
seg 84 3 32.6574	0.0108556
seg 84 4 35.25	    0.0093296
seg 84 5 29.7218	0.00880449
seg 85 1 26.6494	0.0103831
seg 85 2 27.8886	0.0100398
seg 85 3 27.9583	0.00968359
seg 85 4 29.1592	0.00977653
seg 85 5 32.4006	0.0070096
seg 86 1 29.9197	0.0153565
seg 86 2 30.7182	0.0133555
seg 86 3 32.8361	0.0122651
seg 86 4 36.0849	0.010252
seg 86 5 32.2491	0.00716173
seg 87 1 28.6736	0.0134261
seg 87 2 28.8512	0.0122805
seg 87 3 32.7501	0.0113027
seg 87 4 36.6912	0.0100387
seg 87 5 29.7812	0.00855864
seg 88 1 29.4605	0.0132786
seg 88 2 31.1216	0.0110828
seg 88 3 31.2657	0.011381
seg 88 4 34.305	    0.00998645
seg 88 5 33.4188	0.00700099
seg 89 1 28.2791	0.0107114
seg 89 2 30.6511	0.00939232
seg 89 3 34.0877	0.00898165
seg 89 4 32.549	    0.00792602
seg 89 5 28.9687	0.00678017
seg 90 1 28.7122	0.013447
seg 90 2 30.5971	0.010866
seg 90 3 35.7446	0.0103161
seg 90 4 33.25	    0.00883078
seg 90 5 29.3374	0.00783867
seg 91 1 26.4268	0.0149589
seg 91 2 29.0439	0.0136182
seg 91 3 30.1459	0.0124626
seg 91 4 31.0302	0.0117314
seg 91 5 33.0508	0.00860009
